956
758
45
879
430
472
380
69
589
146
692
592
58
923
524
110
628
8
636
117
616
441
322
914
458
287
232
381
199
971
591
906
691
773
905
778
510
674
503
455
40
634
590
177
850
75
401
563
676
568
908
927
80
734
39
681
687
1
268
121
806
932
785
214
286
882
56
434
297
601
551
877
809
856
949
521
733
934
509
48
134
364
899
435
289
651
197
29
234
47
897
810
451
292
206
15
744
162
38
170
755
554
422
19
498
845
351
356
14
726
143
851
443
310
341
179
819
468
721
497
16
717
728
358
334
282
569
402
54
804
860
77
174
245
571
96
105
866
257
679
5
793
665
409
470
202
164
236
530
325
763
607
910
617
353
419
140
689
624
774
577
347
742
757
917
131
977
166
485
633
620
103
189
919
279
570
46
579
507
523
227
604
42
658
482
237
868
737
832
264
990
463
251
150
211
833
431
997
333
583
951
803
223
790
22
6
332
362
830
959
315
288
369
439
883
824
586
838
740
703
834
822
573
827
516
312
151
532
370
144
345
92
584
621
218
256
340
495
542
114
389
326
